10000
1 246 8603
5 3715 3530
6 5132 8506
11 5098 1978
11 5777 1805
12 8382 1539
19 9159 2834
23 5342 3500
33 5948 1762
40 8529 2154
52 908 312
52 2467 7889
52 2473 8238
66 9788 6495
69 5796 5214
74 1789 9179
75 9439 7804
76 2485 362
86 1845 6843
86 6529 5339
91 6964 7808
101 8486 8581
112 736 3871
121 4217 2382
127 1895 6316
127 3314 4327
131 475 9003
136 9229 6338
139 27 456
147 146 9237
148 5356 618
155 8098 2148
158 8478 1022
160 6279 6327
174 1585 8094
181 3682 7091
181 9127 2985
183 6474 6343
185 5173 2800
197 1726 106
207 2587 2572
213 1855 9570
222 8252 8214
231 7395 6252
233 7576 2620
250 3355 5911
250 8018 2610
256 2128 6805
257 6782 9281
260 6116 3637
263 1976 3483
276 3254 1062
281 1294 6893
281 8700 8648
284 4916 4439
289 9413 9520
291 6622 7603
292 4437 8490
295 300 6974
300 6231 4359
305 8452 3391
306 7203 2397
316 7081 2364
319 4270 1656
322 2687 6988
333 9497 6415
335 8576 1230
339 3539 7273
350 4573 9298
352 1644 4462
365 1814 737
371 8358 581
372 7720 6279
381 2204 5944
393 5998 4819
413 5219 7254
413 5223 7925
416 407 1436
416 7020 248
436 1287 1004
438 9223 2533
442 6299 2546
453 1024 3543
459 5024 7109
463 2861 8027
463 9465 4267
464 6089 6905
470 6287 6326
471 8600 4226
478 1129 5666
488 6510 9196
490 9964 2553
492 2061 3799
497 6993 1199
500 1980 7847
504 2954 4049
504 6981 1213
510 8547 3586
514 1091 4032
514 4967 3909
518 7974 2457
522 8021 1956
528 9252 2815
543 3879 9519
546 8301 1531
549 340 4194
549 5914 6736
552 6652 9264
555 1722 4384
568 7028 8396
571 4466 5899
572 805 6933
574 8536 1920
581 3507 8590
583 9903 6136
585 5009 9514
588 8013 6946
592 8829 1052
598 1425 152
606 9059 4990
607 4742 2491
616 297 4146
623 3282 6320
626 2520 4363
627 1493 6627
627 4772 250
632 26 3417
634 4214 8608
644 8244 7753
646 1055 813
652 2127 8402
662 2200 4791
667 2025 7234
669 4734 6096
678 3264 7952
690 8474 3518
691 6172 913
703 1804 8460
704 5522 9764
707 4990 9262
719 7020 6838
728 6565 3695
728 7688 4091
736 750 7352
739 3990 4625
740 6067 5272
745 8055 4125
762 192 5992
775 574 1797
784 6852 1305
789 2246 5756
798 5848 8301
800 4310 8089
801 8792 1651
812 3400 4480
813 6849 3624
821 3810 2461
846 1043 6019
852 6088 6270
854 9330 7889
856 9540 1747
863 1777 3827
866 6122 8716
867 3789 7737
869 2900 7432
874 4342 7171
879 1903 5157
885 87 2124
887 4938 2779
891 7040 7812
898 5257 8473
899 4 9896
905 3530 6993
918 1897 7497
924 4250 6851
927 4045 5684
928 2320 5068
929 5492 4615
930 7244 3136
932 1704 9245
936 3499 5088
937 5220 7818
941 3336 7735
946 654 5541
951 5026 4594
952 7314 9687
955 1123 6725
958 4143 1764
962 6945 9051
966 236 7542
971 939 1746
972 7327 1688
972 9876 3338
977 8617 5890
980 228 3408
980 2859 7832
1016 7723 2868
1030 4734 51
1031 3454 4426
1033 7098 6595
1037 2605 318
1037 6382 4402
1038 6658 4886
1040 955 615
1050 3715 5200
1069 7609 7273
1070 9716 7304
1073 7364 3996
1081 5494 6236
1086 2692 5954
1090 3711 8191
1091 3486 2997
1095 4178 3345
1097 2421 5782
1097 9747 7677
1115 1110 9413
1117 695 5373
1121 9568 1556
1131 8557 6082
1141 9424 9068
1148 242 2779
1150 373 1491
1151 9794 2208
1159 3994 8523
1161 4670 7948
1161 5753 2896
1162 6296 3185
1164 9703 5891
1165 864 7553
1172 1056 3609
1174 4880 1989
1182 296 2916
1187 3331 175
1189 2001 6184
1194 3259 3472
1196 8838 4940
1200 6521 8642
1212 2971 3925
1214 4374 7319
1214 5423 7682
1218 9504 6718
1223 9958 8190
1234 4480 5166
1237 1735 9338
1239 7548 9322
1248 2769 4074
1248 9667 5723
1253 1308 8701
1264 99 7697
1269 5350 3325
1273 1807 5463
1275 9013 9130
1279 9069 8159
1280 5221 4252
1283 3967 3407
1284 4368 9754
1303 2184 7264
1305 5622 3894
1306 6703 5992
1315 5604 7213
1321 1294 2756
1331 6084 1716
1332 719 6116
1337 3532 4275
1341 7510 7791
1351 6753 4730
1351 8057 3209
1370 7555 9334
1371 6521 1847
1377 2103 5703
1378 5581 1782
1397 7230 4435
1398 1886 4676
1409 7369 4592
1411 5102 6610
1416 7080 8079
1419 426 1242
1421 1904 1476
1428 9896 8324
1440 9564 6599
1458 650 6731
1461 3587 6284
1466 1059 754
1474 2499 8905
1489 9730 1518
1498 6772 213
1499 5026 3350
1500 4999 5272
1507 4557 8736
1507 5332 2234
1509 3839 1215
1517 7903 5412
1518 9698 8431
1520 6530 4178
1534 7518 8252
1541 9875 9240
1547 2326 6004
1550 8072 2709
1557 729 8714
1557 9019 459
1565 2751 8442
1571 3722 8261
1574 9774 373
1582 554 3295
1593 2601 4424
1613 7332 1202
1614 3018 1262
1614 8344 2051
1615 4078 9263
1619 1583 8564
1625 4423 7888
1629 3621 4230
1631 4225 2341
1639 4935 7954
1644 8113 8944
1646 1550 3470
1648 9389 5071
1653 7435 8780
1658 7034 3610
1663 1833 1090
1672 3946 9560
1673 3038 4865
1675 2208 2252
1684 4353 3064
1696 976 3408
1702 8282 7052
1706 6909 926
1711 2877 1410
1712 6666 9130
1716 4169 8054
1726 9495 9719
1732 2726 6162
1736 979 1698
1742 7798 8881
1748 7279 589
1749 3470 3426
1749 8972 2794
1752 304 1283
1756 9963 6068
1759 3990 8420
1761 6351 4233
1765 1964 479
1766 1226 6357
1774 4525 2380
1774 5691 4461
1782 2903 9943
1787 2710 9875
1792 3532 6598
1792 9032 2707
1798 6559 9682
1813 8241 4171
1814 3152 2202
1820 9149 4953
1823 7528 4170
1827 5943 2946
1828 8203 9592
1832 791 2242
1835 7165 6416
1835 8823 1513
1836 7500 8828
1843 398 2906
1849 4336 88
1861 3598 3207
1862 4266 740
1863 3124 5802
1866 3038 8219
1867 5226 770
1897 4958 466
1900 2824 4498
1904 8760 3217
1911 3854 2350
1911 4447 3480
1912 5164 9909
1918 4562 2699
1927 5057 4796
1937 8735 9979
1939 657 1117
1942 5310 5651
1947 868 9846
1949 7733 7860
1957 3203 6909
1958 5545 4302
1967 624 1347
1976 3698 1030
1976 8463 6078
1982 8402 8965
1984 159 677
1984 7508 2758
1987 492 3998
1994 1875 2393
1997 781 9494
1998 1055 2540
2006 4042 7698
2025 620 8860
2026 3303 7938
2032 6889 4681
2037 5772 9447
2041 3511 7246
2047 6619 6562
2049 8303 1366
2049 8370 9045
2065 6250 6245
2070 8967 8918
2078 9568 5327
2080 5875 6981
2098 9336 1721
2135 7080 3346
2140 9085 30
2143 2902 5247
2148 7729 2207
2150 7312 5204
2155 9356 5609
2156 6064 4052
2157 7902 9777
2165 3016 742
2180 5680 5800
2190 9468 5477
2210 9566 7599
2212 354 3791
2218 4021 2250
2219 4086 5637
2230 4532 5040
2236 7527 719
2242 5057 5765
2246 7226 5729
2252 904 9814
2253 1196 9161
2257 6817 2950
2262 9772 2223
2266 100 43
2268 7139 6682
2273 5876 6475
2280 634 6118
2286 4993 5746
2293 9220 1592
2294 1910 9291
2294 4276 7793
2302 1357 9724
2307 2869 3723
2307 9532 8217
2309 3957 2579
2309 8710 7812
2317 1819 5928
2320 3427 2058
2321 6166 3698
2325 8546 2893
2327 861 8257
2331 9089 6427
2333 1973 8236
2333 3399 7675
2334 521 3337
2340 8322 8064
2353 2971 2456
2355 8440 9324
2358 5341 8400
2359 3077 3041
2363 5564 198
2366 479 7951
2366 9446 9983
2367 1070 216
2371 9611 2239
2375 2703 5101
2377 9609 3516
2386 2583 1727
2389 5498 5479
2393 5979 9259
2395 9235 1110
2402 5182 5154
2404 1409 1405
2409 746 8026
2409 5829 3963
2412 5569 6188
2430 5298 9532
2438 6268 7868
2443 1628 9132
2447 2348 499
2448 3820 501
2452 1788 4097
2454 9543 1329
2455 4640 5565
2469 4498 8063
2470 2617 3600
2476 5108 5260
2486 4083 4283
2487 1620 8323
2493 1328 6126
2503 9097 511
2504 6655 1894
2506 7665 6209
2506 9453 1999
2513 8860 3649
2518 4689 9245
2521 3455 9993
2522 3148 5012
2523 3199 6879
2542 1525 7444
2545 9135 5237
2550 4678 9629
2551 4109 9798
2553 5260 581
2560 7854 7174
2572 4983 1232
2581 2300 5564
2584 4900 3936
2585 2184 3164
2586 183 370
2586 9848 160
2591 2814 295
2613 4509 3374
2624 8768 1697
2626 9899 7055
2641 4867 6930
2645 1587 3193
2645 7831 2471
2653 5783 2752
2655 4759 5552
2657 7482 3192
2657 9846 5474
2663 2088 7435
2664 3116 3221
2665 3366 76
2665 7070 4855
2670 6091 4862
2671 7668 4234
2676 8198 3882
2677 8361 8775
2685 5788 4297
2701 8685 929
2704 6039 741
2705 3811 3129
2706 5726 7688
2712 7611 1143
2717 7799 1591
2719 3536 6309
2719 7367 8373
2731 1598 2868
2731 8260 7750
2738 1462 7011
2742 9464 7704
2743 796 6853
2743 895 1339
2746 4887 9658
2765 7605 1719
2768 6593 5770
2778 4487 3206
2779 8139 8702
2783 9054 3410
2790 9669 7544
2806 2412 7226
2814 7357 1562
2819 8632 4417
2822 5113 7152
2831 7089 9807
2832 1169 6475
2836 2688 3421
2839 3553 7905
2842 1018 5719
2843 5532 1942
2844 6952 5295
2848 200 9175
2857 3060 3882
2858 2555 9723
2861 685 375
2867 3841 6190
2876 3641 5819
2877 3634 1073
2881 9188 4660
2882 1967 8385
2888 3168 8132
2891 1591 1766
2893 3721 48
2901 168 7790
2903 5120 2453
2908 3491 186
2932 5709 9315
2935 5905 7100
2941 5028 6171
2944 9536 1829
2962 2507 8535
2967 9312 6521
2968 1782 6238
2970 8791 3500
2971 3260 6481
2982 3609 9241
2987 7416 6312
2989 5422 4706
2996 8528 8223
3015 1146 4400
3038 5513 6081
3038 6553 9879
3040 1161 9624
3042 5660 9430
3044 3698 6430
3045 691 7384
3048 5634 6370
3052 6638 7976
3056 3997 146
3064 4754 5207
3069 8917 4410
3073 7277 3902
3074 1762 4037
3074 7067 7976
3080 7907 3312
3087 8149 6482
3090 4180 539
3090 8582 8284
3092 121 3143
3100 1228 5784
3100 4942 6359
3100 9899 7558
3102 4125 1947
3107 3756 296
3111 6368 1280
3117 5023 1788
3118 7925 9521
3125 1154 5358
3133 3803 267
3134 3527 7192
3139 223 7804
3139 4343 8906
3140 748 974
3140 3785 1754
3149 99 5943
3167 6534 1274
3175 8198 1735
3175 8841 8011
3178 3946 1151
3180 6239 5416
3181 4244 4682
3182 1250 1597
3184 9086 1
3187 2593 2067
3190 791 6617
3202 4226 162
3223 4226 6809
3226 2427 7355
3229 3272 1363
3229 7469 1380
3236 9712 2045
3249 8609 7386
3250 3647 3736
3253 6494 7805
3262 9632 9549
3263 7132 1757
3271 4063 7731
3278 884 9000
3280 9318 8766
3282 6311 5152
3282 7153 2591
3284 8376 4837
3286 9246 5881
3290 1947 8453
3290 8063 2804
3302 4271 1689
3315 6979 1053
3324 6012 4158
3327 8916 3274
3328 5649 1820
3332 5150 490
3334 8683 7161
3339 4766 452
3348 1035 8412
3351 8801 6528
3355 5281 180
3356 1610 5241
3358 8143 7082
3359 61 6014
3370 378 2260
3372 760 7124
3374 7393 2034
3379 6148 9894
3390 1589 9782
3397 421 6070
3399 4796 3709
3409 9050 1962
3414 8878 6166
3416 6035 4683
3424 2904 5826
3429 553 4833
3429 4338 8527
3439 8214 7656
3440 9065 8834
3442 3341 1902
3445 7590 1103
3454 2682 4293
3457 8753 7566
3465 3789 3090
3466 8424 3241
3478 8245 535
3480 6530 2602
3481 8612 7364
3484 7106 9553
3484 7692 6261
3489 3263 3428
3490 2427 1262
3500 4147 4516
3503 7509 8012
3514 5354 7730
3516 9761 1197
3519 9419 2873
3521 9168 3469
3522 226 9316
3529 1649 1983
3539 9096 5094
3540 1974 7512
3541 6699 3794
3549 4516 2202
3550 1196 26
3550 3780 9847
3553 2591 8508
3557 1591 872
3560 3042 4452
3565 8040 1437
3566 7145 4370
3569 6086 594
3576 8119 8044
3579 1921 3925
3592 3876 493
3592 5628 30
3596 6472 5105
3597 9881 6820
3602 6500 7714
3608 4702 2763
3615 9689 775
3617 3695 6090
3624 7436 6644
3628 6375 2536
3644 2737 3157
3644 7660 314
3645 1018 1603
3650 857 3585
3657 9382 7172
3661 6324 777
3664 4928 7839
3670 9670 6262
3677 262 4134
3678 3141 9833
3679 1577 1272
3681 789 4646
3682 6840 8030
3687 934 5158
3690 5441 3301
3698 8466 1928
3704 8875 5208
3705 9656 8018
3706 7992 9672
3713 7248 455
3719 4057 8848
3721 642 9276
3734 940 5441
3739 6563 6342
3755 9731 1748
3770 3371 1197
3781 2492 2649
3789 7774 580
3791 9089 6718
3793 9153 7959
3798 272 2668
3802 5756 3360
3810 9510 726
3818 40 7028
3821 2179 7796
3824 6034 1606
3826 6156 5498
3829 1857 5295
3829 4777 2942
3836 7175 6208
3848 2781 9234
3855 1964 3655
3856 3893 12
3857 5131 6843
3868 3683 7197
3872 3250 9870
3881 7122 9752
3882 6891 8519
3892 917 9233
3900 5741 1431
3908 7713 9149
3915 1463 5286
3920 7715 4664
3921 5721 7866
3933 4253 6995
3935 6148 3308
3944 8393 1571
3947 1104 1937
3952 1514 2400
3953 6223 4127
3956 6646 2429
3957 4059 6164
3957 7466 3427
3961 1269 6781
3962 2222 526
3964 6373 2807
3966 8513 1308
3972 8187 504
3975 1486 5418
3976 6794 7156
3986 6533 3918
3989 8451 2676
3991 4988 1956
3998 5694 9951
4008 432 9020
4012 8618 2990
4034 3210 2119
4035 1819 376
4042 1531 2683
4045 9995 8831
4047 1433 640
4047 3674 5395
4057 6926 5183
4058 2578 9980
4061 2986 3378
4067 1922 1066
4068 7371 1702
4069 6490 7516
4070 7976 8477
4072 2137 3627
4074 7712 844
4076 763 2789
4093 8017 19
4094 1951 4972
4102 2602 4143
4107 1584 9547
4109 4895 2965
4111 2224 523
4117 8565 3317
4122 768 9267
4127 8903 6537
4129 8144 4536
4132 9611 4577
4141 990 8105
4146 3095 1512
4147 7214 2802
4162 6074 6723
4169 8713 4522
4171 5702 4342
4189 9013 2461
4191 5046 9515
4194 5333 598
4195 3300 4495
4196 1176 4784
4204 8932 7390
4211 3998 643
4216 84 3633
4219 3183 5688
4220 1564 9625
4220 9586 7582
4228 7745 5284
4231 5915 5685
4248 897 7564
4261 9006 1043
4270 3500 2517
4271 5998 2272
4276 5007 7026
4276 9461 6945
4280 7765 9503
4282 947 3009
4282 7319 1506
4284 6688 2938
4305 4527 2106
4311 1647 4595
4317 7006 1222
4319 765 4895
4331 4882 1792
4336 1211 9210
4338 5152 3563
4339 8695 3179
4340 5716 2180
4343 1007 2721
4344 911 8293
4349 9316 489
4354 7462 9283
4355 2929 4518
4355 7756 5633
4357 6171 6522
4370 2203 6873
4377 1960 8457
4392 7962 8475
4398 8939 110
4399 1679 9183
4404 3325 4366
4409 2152 1876
4414 9254 8933
4420 6400 8177
4421 6881 8426
4440 2256 9616
4449 3500 7645
4452 8443 808
4453 7556 2231
4454 1281 170
4456 2162 6585
4465 8461 1598
4469 2592 334
4478 6737 9763
4488 3487 99
4491 6450 1152
4498 336 4086
4499 3853 6914
4500 943 7827
4501 9142 418
4513 5952 8765
4525 2287 3804
4529 8570 5419
4530 8326 8187
4533 7196 298
4535 5512 9834
4554 5651 7670
4555 9996 393
4563 8597 8718
4569 9228 2771
4584 2445 8719
4584 9876 1145
4586 3296 9021
4593 5210 6756
4594 8487 9907
4605 9574 4311
4606 4934 6391
4612 1258 5185
4615 5188 2753
4617 5013 2216
4620 143 1393
4628 8132 338
4649 6803 3985
4662 2384 7651
4665 34 3363
4665 1455 5725
4676 4038 9575
4679 3129 6762
4679 4637 6907
4681 9584 1411
4682 472 2674
4689 9253 1881
4690 5828 5146
4695 7072 9684
4702 6203 4210
4705 4403 2589
4706 1012 6187
4706 2224 7720
4707 9061 1204
4708 3420 5196
4717 7540 1761
4718 7269 2503
4724 2794 4787
4751 5939 5931
4752 5299 8994
4761 6061 4489
4763 5563 1774
4776 5118 5804
4782 2447 3710
4789 462 8785
4792 7926 7684
4800 2401 9207
4800 3747 7229
4802 8961 3491
4804 414 6844
4811 6855 19
4815 135 9206
4820 5191 5261
4823 8591 1394
4824 9845 4652
4829 5611 2977
4830 3949 9099
4839 7741 3255
4840 4868 379
4847 5474 6373
4852 9663 3675
4854 8165 7971
4864 691 7302
4876 9658 6621
4879 3315 7756
4881 795 2362
4881 8264 8169
4882 6302 9569
4885 281 8612
4891 3362 1090
4897 7877 6599
4899 3431 5325
4905 6542 1190
4906 608 2885
4906 2328 8936
4908 8840 8704
4910 3072 6928
4915 4533 4589
4919 3537 5931
4920 6719 5247
4927 2676 943
4937 3978 6531
4939 6606 6228
4943 3939 2641
4952 9093 5115
4955 5566 1840
4962 7427 7046
4967 770 2533
4971 1075 6646
4975 4043 4621
4982 4004 4358
4995 3593 7820
5004 9555 9638
5008 524 2016
5011 3030 1634
5015 6341 738
5020 6334 7680
5022 6051 8492
5025 6775 9784
5025 8099 9637
5032 9971 6430
5037 8740 3018
5038 1525 8457
5041 5728 8294
5042 2806 8804
5044 1544 7661
5046 7609 2064
5058 6068 3972
5065 5160 5277
5075 7475 8221
5079 6788 8821
5081 1499 7019
5082 5063 7822
5094 5792 5911
5098 226 2703
5110 5421 1786
5116 7325 6677
5121 6561 5392
5125 2564 7984
5126 2953 2035
5126 5591 6991
5126 5958 2
5128 7726 2896
5135 6318 1417
5135 6556 1561
5140 3266 455
5141 6717 3330
5142 6461 353
5151 1769 520
5154 8023 737
5158 7924 591
5160 3910 6967
5165 2510 3258
5174 7456 3489
5183 3162 9690
5193 6086 3256
5213 7467 8357
5214 7842 4415
5227 6641 4935
5229 6155 5439
5231 146 812
5232 1209 7861
5232 6908 2197
5238 1621 7517
5248 2461 8998
5252 1521 4023
5257 5802 5795
5258 3541 8115
5258 7007 6250
5263 3869 5917
5267 9199 5402
5270 7941 5390
5271 6766 8446
5272 9462 2259
5301 8558 4311
5304 554 2821
5304 5065 1352
5306 4607 2792
5310 1623 8204
5310 2394 496
5313 4572 4752
5318 2681 4327
5320 556 7309
5324 827 7346
5325 6928 9156
5330 1111 6892
5331 933 2576
5333 3667 6583
5335 1230 2461
5342 2932 3303
5347 7568 8447
5357 6051 1388
5362 7507 8896
5363 4329 8891
5371 6320 7716
5374 8768 4050
5375 8629 8780
5377 9835 1103
5389 7638 3770
5393 5246 6494
5397 7651 6083
5401 7675 9507
5402 7872 7306
5407 3904 6432
5416 7664 2987
5425 4257 9052
5463 4590 8899
5471 474 436
5473 2705 3560
5474 4040 1498
5479 9870 4645
5486 9565 2859
5493 1632 8336
5493 9432 3153
5496 5069 3062
5501 2891 2603
5503 2238 9485
5507 1157 9686
5507 8075 3758
5510 9084 238
5519 4585 9045
5522 4435 389
5530 8703 910
5543 4389 4161
5548 760 4579
5549 8739 1413
5555 9348 4047
5561 6703 4497
5589 1191 2560
5589 1253 3076
5592 3697 9249
5602 8229 1135
5608 1404 9550
5618 3710 5526
5622 1023 9253
5624 1737 798
5647 592 3973
5659 7485 4281
5662 2845 1211
5663 3807 6406
5668 7083 5966
5670 5637 6166
5675 1636 8287
5680 6098 9689
5684 7985 9267
5697 1745 9215
5698 1993 4116
5705 2857 7329
5716 6308 681
5718 5528 1251
5732 5798 9411
5735 7388 1004
5737 5279 5369
5738 7884 1349
5741 2844 3142
5741 4220 9080
5742 4945 5152
5743 1146 6229
5745 5855 8581
5751 2948 4346
5754 2697 4100
5761 7598 9331
5763 8805 7125
5767 7845 9594
5773 4613 9220
5775 5632 9287
5782 6979 6445
5782 8824 1550
5786 9977 9815
5787 9141 1256
5801 2411 5613
5802 7632 9980
5803 1939 7451
5808 2955 5023
5815 393 7438
5827 4290 9811
5828 4308 44
5832 1386 3749
5838 7209 560
5842 9991 3127
5845 5297 1014
5847 9917 9557
5851 6108 1490
5851 7359 6536
5868 2706 9445
5882 9181 4170
5883 8170 1103
5884 6046 3646
5886 5586 7585
5892 8698 2833
5896 3075 870
5904 308 7460
5904 6125 6335
5911 9895 5363
5916 7152 8607
5917 5624 3924
5923 8263 8058
5924 8733 9228
5928 1671 9590
5928 3249 1492
5928 9421 359
5940 888 56
5942 6421 2086
5955 3911 6359
5955 9380 72
5963 6703 3988
5964 2612 2176
5978 7039 4930
5982 6064 9899
5990 4855 8240
5990 6839 7406
5993 5586 5840
6006 5755 628
6027 6751 5157
6031 766 9070
6035 9394 5097
6038 2045 9001
6039 5978 9095
6043 4682 1043
6046 4612 6281
6057 3520 7169
6058 5020 4961
6067 1225 8572
6067 9186 9878
6077 1208 9702
6084 1774 9636
6084 7828 1964
6090 2630 7982
6091 3310 1716
6094 655 957
6097 8145 5753
6098 8934 5144
6102 9389 7686
6112 1339 1128
6128 9586 3114
6134 907 7115
6134 2291 5604
6137 2154 4462
6138 5949 7861
6156 923 9127
6163 8003 1743
6191 7107 1176
6192 3104 1018
6200 3179 7030
6201 3078 6994
6204 6175 8126
6208 2979 3484
6221 7918 8948
6229 7061 2105
6235 9918 5505
6244 7518 8046
6247 716 2104
6252 6708 2840
6257 1173 8395
6260 3694 8994
6261 5089 6977
6268 1533 3215
6268 2687 2925
6272 9233 9469
6273 8736 8791
6273 9177 9567
6277 1614 8563
6279 1623 1071
6284 7345 5697
6287 5224 6729
6287 7848 7330
6294 1673 64
6298 8273 5125
6301 9441 4802
6305 7730 3875
6313 548 4380
6316 2581 2728
6321 4419 3365
6326 4056 9320
6328 2698 5408
6336 4238 666
6350 25 9539
6351 3975 8445
6351 4270 6705
6361 8827 2722
6363 4632 3597
6365 9289 8750
6369 2600 4415
6387 6838 7588
6390 9185 3400
6391 6273 476
6396 69 9444
6400 9781 1721
6401 4531 8255
6401 4877 2264
6403 267 2285
6412 4215 3753
6424 7220 9909
6426 2221 8737
6431 1668 3867
6443 6966 9467
6450 3469 9345
6457 7564 8467
6460 9552 1869
6460 9614 4326
6475 9554 3987
6480 4706 5304
6485 1190 7459
6489 609 1448
6489 7900 108
6490 5162 783
6494 4512 6247
6505 8393 6709
6509 1176 5950
6511 5864 2969
6514 2827 5568
6516 148 538
6519 9845 7015
6526 1328 9629
6526 5558 3728
6540 4818 9637
6544 8300 5802
6545 7811 2837
6549 1433 5148
6555 2655 2519
6558 4226 6048
6575 5112 1912
6583 3653 7001
6587 8653 4015
6597 1529 8930
6614 398 289
6614 3295 1736
6615 9098 6905
6625 7238 4413
6631 68 5665
6642 7791 3019
6647 3824 1123
6660 8372 483
6660 8730 4143
6668 792 1968
6668 6622 6006
6669 1226 8258
6676 5683 9757
6677 1890 3776
6693 6791 6614
6696 2570 9366
6699 8104 7453
6727 2181 7370
6728 132 1268
6728 777 3294
6729 6974 2847
6733 8184 4509
6734 8941 772
6737 1979 7956
6738 118 295
6745 1416 8556
6747 8700 3989
6752 227 3798
6754 480 2601
6759 7569 2878
6760 329 8472
6762 1859 2798
6762 9469 2194
6780 6737 4127
6781 243 7833
6785 6699 4166
6788 2959 1258
6794 2614 2269
6796 9239 904
6800 4655 8258
6801 6098 1718
6804 4991 5364
6806 6814 1669
6813 5522 2872
6816 6866 9784
6825 3534 7519
6835 4935 8505
6854 3235 5219
6855 2903 6006
6856 9017 9511
6864 1308 9206
6868 9520 5796
6886 1062 5969
6887 6539 8015
6892 8706 9802
6893 7325 1357
6902 409 6623
6902 2030 6449
6916 3049 4782
6922 2119 1303
6925 8883 8125
6926 1532 8920
6928 7929 7025
6932 424 2374
6935 9639 4299
6943 6323 2561
6946 3371 3991
6966 2902 286
6966 6931 7031
6967 5494 8296
6975 3910 7303
6985 9983 4362
6987 9965 6991
6999 3087 4404
7000 7319 5928
7006 5267 7883
7008 3495 6552
7015 46 5256
7017 8899 8427
7029 8715 4599
7034 8379 1151
7035 7872 2176
7036 7975 115
7038 6845 4861
7044 9710 860
7047 2671 8293
7053 6552 9206
7053 9869 346
7055 5099 7351
7055 9165 1456
7059 8837 122
7067 4578 7933
7068 7599 4027
7070 5653 6315
7071 50 7573
7071 7775 9784
7073 1091 3943
7077 5983 6042
7082 1962 6830
7084 992 6456
7111 3871 5753
7114 2363 1086
7116 7266 2194
7124 9938 6378
7125 2014 4661
7125 2456 8430
7136 3634 3489
7139 2581 97
7141 9927 4537
7150 4654 7151
7153 8388 8784
7159 7932 7115
7163 8444 5898
7169 5693 7101
7179 4988 2768
7181 2101 2006
7189 8001 6260
7226 4453 8705
7229 2136 3958
7232 7711 9576
7235 9105 2500
7239 6684 3509
7246 1754 9139
7254 5793 9641
7256 1241 1452
7257 728 8674
7267 2517 5109
7275 7999 7230
7279 7634 3236
7279 8115 1459
7287 959 757
7290 3205 492
7293 1771 7545
7293 6581 5408
7295 2746 7120
7297 7586 7332
7306 9757 9437
7315 1829 4668
7320 4344 5988
7323 437 7649
7323 8711 2422
7324 2068 5936
7324 4964 2406
7327 3835 1950
7332 9009 7147
7335 7103 8670
7337 1671 6589
7337 4567 5094
7339 2842 6388
7341 259 4181
7343 2628 1025
7348 7688 1784
7348 9564 6198
7349 5415 2467
7351 1343 7557
7357 1695 3975
7357 9609 8732
7358 6415 810
7366 1707 985
7366 5571 2849
7372 8658 179
7373 7274 8745
7375 597 3881
7377 3345 2055
7377 8189 6198
7381 1445 486
7390 5150 3770
7391 4583 4117
7394 5203 6117
7401 1664 4906
7410 891 4540
7410 7156 4441
7411 593 8763
7413 697 5233
7416 7405 3364
7418 8327 6907
7419 6168 9259
7422 271 8720
7424 4439 1474
7429 1103 6515
7431 7892 3633
7434 6067 2905
7439 9237 9691
7447 6301 9397
7450 253 2562
7456 2303 6265
7460 7063 4573
7469 6460 1395
7471 2397 5577
7472 6444 143
7481 6035 3029
7481 6741 8196
7485 3964 7443
7487 4108 1540
7490 1130 5416
7494 8770 7712
7499 6913 4742
7501 4422 738
7502 942 6287
7512 5591 7130
7513 9059 3421
7516 2333 2750
7521 6419 8846
7523 7100 964
7523 8194 4220
7529 157 9338
7529 5690 3673
7532 411 6196
7540 7302 3352
7548 2026 5850
7550 6525 1253
7557 8201 3170
7561 5304 2071
7564 5673 7213
7566 6084 5228
7581 8496 4723
7582 7303 8921
7589 9130 8896
7592 4054 6613
7602 3143 6669
7607 2960 8876
7615 4858 6990
7621 213 1429
7622 3708 2639
7627 2478 726
7627 5868 9121
7629 5616 9769
7631 2078 5206
7633 9566 6095
7638 3458 8995
7640 7888 4547
7649 5695 1125
7652 4528 3030
7653 2905 7252
7655 9481 8748
7659 5661 298
7667 6113 6558
7667 7078 195
7667 7898 8142
7669 1926 8569
7673 1821 5357
7674 479 8079
7681 7420 3359
7682 4281 1309
7689 4705 7555
7691 9839 3421
7695 6756 6264
7698 8937 6177
7706 3611 435
7711 538 9790
7711 3044 5961
7711 9540 1195
7712 2203 2690
7712 3930 7679
7712 8348 1147
7715 8059 1104
7717 9536 5339
7738 5227 4650
7740 6707 1458
7755 6176 8936
7755 6660 376
7756 3620 3432
7763 3569 7577
7775 2380 560
7776 3430 6193
7785 5391 8731
7785 7882 857
7787 8595 8651
7799 1322 5647
7803 1206 2299
7815 5449 9478
7823 4926 4405
7828 657 7349
7828 3564 2382
7829 6107 1802
7844 1542 9159
7847 5372 1447
7868 523 5447
7872 287 1477
7876 7756 1687
7878 5543 8523
7878 5714 451
7883 7401 6354
7900 2485 1330
7902 9569 6349
7905 2381 237
7908 4134 6612
7911 9144 8096
7921 2152 114
7931 3547 4486
7934 1113 1231
7936 4835 8610
7940 1585 1229
7944 4168 6928
7945 5825 5802
7954 6841 2424
7973 1537 8334
7974 6147 925
7975 1214 5366
7981 3134 4679
8000 9261 558
8004 3947 61
8010 2137 5220
8013 5928 1144
8023 882 8059
8023 4391 9477
8049 9881 9202
8050 4566 5996
8051 9233 7776
8060 7345 8287
8061 3618 1124
8061 9127 5401
8061 9834 456
8081 4372 9004
8088 2148 1802
8093 7913 60
8095 1960 1210
8101 7633 9317
8107 6349 6365
8126 1211 4683
8126 2305 4168
8136 6374 6624
8137 6699 9264
8141 2632 124
8144 4348 8795
8164 4115 9153
8167 4813 7571
8173 7191 6295
8178 9196 4037
8179 4455 4180
8182 6198 542
8187 3650 4861
8187 8846 6355
8195 2388 7414
8195 3623 616
8198 1117 1860
8205 701 2775
8205 5164 1139
8207 6379 4600
8212 6531 8466
8222 6058 9918
8224 653 6292
8225 274 6657
8239 8770 6613
8240 2944 4352
8242 3092 6453
8258 6582 9278
8259 4153 4988
8267 4693 1390
8276 1949 8568
8284 2566 1566
8286 6028 5057
8291 1967 269
8296 537 6362
8296 3882 9528
8307 4914 8636
8314 1673 7192
8317 3058 3534
8319 608 6247
8321 2044 3301
8325 4216 5176
8334 123 9627
8352 4755 3574
8359 1135 252
8377 7143 2494
8382 1745 4679
8400 580 7793
8405 2283 1591
8408 489 1195
8412 5156 872
8412 9818 2888
8419 4286 9114
8424 6793 54
8424 9596 1581
8429 9901 4032
8444 2327 4488
8447 2093 1149
8449 8034 5146
8457 1276 1104
8469 2565 3724
8472 5039 7845
8479 1363 8855
8486 2017 8250
8486 7249 734
8488 6319 1644
8488 9742 5018
8494 1803 1821
8498 2920 442
8507 5207 4955
8512 8802 7072
8516 9849 9396
8520 3154 2694
8524 2339 340
8529 761 8498
8529 6283 2530
8542 1884 9099
8544 3751 5534
8546 9009 3678
8551 4746 2594
8554 6191 6297
8556 7978 3078
8558 1096 7107
8558 2180 7015
8572 5645 9368
8576 1631 7114
8578 8944 2571
8588 3497 3026
8597 795 3221
8606 2380 4999
8610 5546 827
8611 914 9421
8611 9765 3637
8618 6074 1162
8624 9368 3267
8628 8621 6034
8642 9979 4114
8647 942 4275
8650 6092 2009
8656 6964 2469
8665 2578 1951
8668 2620 492
8679 6369 1059
8683 9860 206
8686 7846 308
8695 3116 8288
8696 6785 6054
8699 5442 5778
8720 2362 1749
8722 1034 4502
8729 4070 3375
8733 5364 7029
8738 3012 9439
8739 9552 2187
8752 2013 3843
8755 1953 2801
8755 5273 4999
8758 2006 7802
8761 4423 5259
8767 2172 9615
8769 3918 1641
8773 3354 1779
8779 9549 1909
8780 6514 5851
8786 7698 1685
8796 3015 7772
8806 2756 4132
8809 2380 3843
8811 5684 8684
8813 5391 4736
8815 3577 1139
8818 3957 7777
8819 3358 3314
8823 5771 1023
8824 559 285
8834 1763 7357
8834 3005 8316
8836 4100 1141
8840 6975 2134
8841 8376 8923
8843 5325 7458
8844 3411 5361
8846 2416 1456
8846 6618 418
8853 8137 2499
8858 7273 1347
8863 1501 8416
8864 1693 6185
8865 3740 6060
8866 6211 7553
8870 1938 4223
8871 7494 8100
8875 8227 9948
8878 416 1082
8884 3023 2976
8891 572 8051
8891 7784 8342
8894 2344 691
8895 2931 6124
8897 6594 15
8898 4850 1185
8898 7893 9719
8905 1257 7092
8916 7872 2034
8918 1485 5323
8921 6447 2400
8923 2723 9013
8924 4826 144
8933 7304 3622
8937 8914 9751
8941 6083 5042
8963 4804 1034
8963 5662 3643
8966 7327 3955
8968 5038 2431
8975 8741 8237
8980 8543 722
8984 3269 3810
8984 8288 9009
9002 5231 9376
9010 3441 6016
9015 9911 9965
9023 491 7410
9024 6151 7614
9028 5873 8427
9033 1570 7076
9034 4707 8177
9039 535 3217
9048 782 286
9056 1950 2639
9056 4734 5373
9058 6226 6008
9059 4121 8974
9063 953 8094
9063 5829 9289
9081 637 4137
9083 5710 9296
9085 4151 7562
9099 748 7438
9107 3372 577
9107 3749 2102
9109 9685 2366
9131 6894 3120
9136 2520 7882
9139 9415 4410
9147 4677 8884
9148 7715 2543
9148 7804 6048
9158 9556 4706
9167 5128 2771
9172 6547 3719
9175 2526 1646
9177 6908 6495
9182 9845 1948
9183 7481 686
9186 8884 797
9192 429 5078
9209 6863 6731
9222 3658 8002
9234 9563 54
9238 9 8273
9238 7040 3037
9242 1747 9348
9257 1490 9980
9257 4448 6921
9267 8463 4622
9269 7278 3301
9276 5065 2004
9279 205 694
9293 7976 4006
9298 592 3327
9306 1277 827
9311 696 2169
9322 7326 92
9329 6671 1145
9337 4143 2884
9341 162 5401
9347 7791 7444
9367 8122 3535
9370 2796 8654
9376 7380 401
9387 2922 1699
9388 6342 9983
9395 6371 5063
9402 6497 9085
9408 8023 9335
9411 625 4316
9412 137 1911
9417 1317 2412
9423 3300 7927
9426 7585 7509
9427 2182 2083
9428 2205 8026
9429 1084 9721
9437 3009 9514
9437 3056 936
9443 2216 3613
9447 236 8385
9459 254 8690
9468 2325 9439
9473 6500 5256
9496 1727 4686
9498 9994 697
9500 5622 1906
9501 9366 8127
9502 4327 4194
9504 9849 1580
9516 6123 5121
9518 4693 2100
9519 3946 1756
9528 9888 2179
9530 7627 3021
9538 519 4374
9539 7259 3498
9547 8904 9095
9552 2550 1474
9554 4385 5259
9558 6049 624
9565 2109 1344
9566 3333 4375
9568 2400 1846
9568 6775 540
9569 6973 7338
9570 8352 4620
9571 8946 8866
9572 1480 1945
9573 3476 6758
9576 1033 6299
9576 4480 5307
9584 492 6374
9590 991 1065
9594 2805 8417
9610 983 391
9614 8241 7614
9620 2344 8654
9627 3048 7012
9627 6620 5230
9632 8938 2771
9636 5071 7497
9651 3829 9320
9667 1190 7575
9668 3015 67
9681 2500 3803
9682 5820 3277
9705 7166 2194
9712 9564 2042
9719 9410 8729
9731 8340 1257
9739 6894 1392
9740 6289 9016
9743 5194 6809
9752 3950 9931
9756 8403 9874
9759 4477 6478
9766 5107 6751
9768 2343 4378
9770 8654 9120
9771 390 8634
9773 2654 9930
9782 3903 6723
9782 9082 7094
9784 7751 3370
9786 5785 9514
9787 7869 9553
9790 7857 6527
9791 8840 506
9799 2500 5913
9804 7130 5130
9808 1585 502
9808 9787 1151
9810 6792 1970
9810 6911 9869
9818 1399 6592
9818 6432 1246
9823 126 8072
9825 3811 1229
9832 2327 2160
9835 4099 6813
9840 209 8358
9850 3461 879
9850 3864 4669
9850 4745 584
9855 5319 2910
9866 4294 4979
9866 4705 9147
9868 9172 9754
9870 2483 8525
9873 8676 6453
9875 9370 3280
9889 7506 1661
9903 537 3914
9911 5906 6097
9915 6092 4215
9918 4875 9930
9920 9339 1600
9921 4934 9430
9933 2929 5751
9939 4227 6072
9940 6296 5193
9952 1615 8718
9953 1556 2623
9958 2934 987
9962 3860 9656
9963 1876 8264
9964 699 450
9965 9874 3421
9976 3044 3433
9978 9217 7046
9987 7843 8717
9991 3361 9100
9999 6153 7477
