10000
19 9159 2834
23 5342 3500
40 8529 2154
52 908 312
52 2467 7889
52 2473 8238
74 1789 9179
86 6529 5339
121 4217 2382
127 1895 6316
127 3314 4327
131 475 9003
136 9229 6338
148 5356 618
155 8098 2148
158 8478 1022
181 3682 7091
181 9127 2985
197 1726 106
207 2587 2572
213 1855 9570
222 8252 8214
233 7576 2620
250 8018 2610
263 1976 3483
284 4916 4439
289 9413 9520
300 6231 4359
306 7203 2397
316 7081 2364
333 9497 6415
335 8576 1230
339 3539 7273
350 4573 9298
365 1814 737
413 5219 7254
416 7020 248
438 9223 2533
453 1024 3543
459 5024 7109
470 6287 6326
471 8600 4226
490 9964 2553
497 6993 1199
500 1980 7847
504 6981 1213
514 1091 4032
514 4967 3909
549 5914 6736
555 1722 4384
574 8536 1920
585 5009 9514
607 4742 2491
623 3282 6320
626 2520 4363
627 4772 250
632 26 3417
634 4214 8608
644 8244 7753
667 2025 7234
669 4734 6096
690 8474 3518
704 5522 9764
719 7020 6838
736 750 7352
739 3990 4625
762 192 5992
775 574 1797
789 2246 5756
800 4310 8089
801 8792 1651
812 3400 4480
813 6849 3624
821 3810 2461
846 1043 6019
854 9330 7889
863 1777 3827
866 6122 8716
867 3789 7737
874 4342 7171
885 87 2124
918 1897 7497
924 4250 6851
927 4045 5684
928 2320 5068
930 7244 3136
936 3499 5088
937 5220 7818
941 3336 7735
946 654 5541
952 7314 9687
955 1123 6725
958 4143 1764
966 236 7542
971 939 1746
972 7327 1688
980 2859 7832
1040 955 615
1070 9716 7304
1073 7364 3996
1090 3711 8191
1091 3486 2997
1115 1110 9413
1131 8557 6082
1159 3994 8523
1164 9703 5891
1165 864 7553
1172 1056 3609
1174 4880 1989
1182 296 2916
1187 3331 175
1189 2001 6184
1194 3259 3472
1196 8838 4940
1200 6521 8642
1212 2971 3925
1214 4374 7319
1223 9958 8190
1237 1735 9338
1239 7548 9322
1248 2769 4074
1248 9667 5723
1264 99 7697
1273 1807 5463
1279 9069 8159
1280 5221 4252
1303 2184 7264
1337 3532 4275
1341 7510 7791
1370 7555 9334
1371 6521 1847
1378 5581 1782
1397 7230 4435
1416 7080 8079
1421 1904 1476
1428 9896 8324
1440 9564 6599
1458 650 6731
1466 1059 754
1474 2499 8905
1498 6772 213
1507 5332 2234
1518 9698 8431
1534 7518 8252
1550 8072 2709
1557 9019 459
1565 2751 8442
1574 9774 373
1582 554 3295
1614 3018 1262
1615 4078 9263
1619 1583 8564
1631 4225 2341
1639 4935 7954
1658 7034 3610
1663 1833 1090
1673 3038 4865
1675 2208 2252
1726 9495 9719
1748 7279 589
1749 3470 3426
1749 8972 2794
1756 9963 6068
1765 1964 479
1766 1226 6357
1774 4525 2380
1792 9032 2707
1798 6559 9682
1820 9149 4953
1827 5943 2946
1828 8203 9592
1832 791 2242
1835 7165 6416
1843 398 2906
1863 3124 5802
1867 5226 770
1897 4958 466
1900 2824 4498
1911 4447 3480
1912 5164 9909
1937 8735 9979
1942 5310 5651
1947 868 9846
1957 3203 6909
1958 5545 4302
1984 7508 2758
2047 6619 6562
2049 8303 1366
2065 6250 6245
2078 9568 5327
2098 9336 1721
2135 7080 3346
2140 9085 30
2143 2902 5247
2148 7729 2207
2150 7312 5204
2165 3016 742
2190 9468 5477
2218 4021 2250
2230 4532 5040
2236 7527 719
2242 5057 5765
2252 904 9814
2253 1196 9161
2257 6817 2950
2262 9772 2223
2266 100 43
2268 7139 6682
2280 634 6118
2286 4993 5746
2293 9220 1592
2302 1357 9724
2307 2869 3723
2307 9532 8217
2320 3427 2058
2321 6166 3698
2325 8546 2893
2358 5341 8400
2366 479 7951
2371 9611 2239
2393 5979 9259
2395 9235 1110
2409 746 8026
2412 5569 6188
2448 3820 501
2455 4640 5565
2469 4498 8063
2487 1620 8323
2503 9097 511
2504 6655 1894
2506 7665 6209
2513 8860 3649
2522 3148 5012
2523 3199 6879
2550 4678 9629
2553 5260 581
2581 2300 5564
2584 4900 3936
2586 183 370
2586 9848 160
2624 8768 1697
2626 9899 7055
2641 4867 6930
2645 7831 2471
2653 5783 2752
2663 2088 7435
2664 3116 3221
2670 6091 4862
2671 7668 4234
2676 8198 3882
2685 5788 4297
2701 8685 929
2705 3811 3129
2712 7611 1143
2719 7367 8373
2743 895 1339
2765 7605 1719
2790 9669 7544
2814 7357 1562
2819 8632 4417
2832 1169 6475
2836 2688 3421
2839 3553 7905
2842 1018 5719
2843 5532 1942
2858 2555 9723
2867 3841 6190
2877 3634 1073
2891 1591 1766
2893 3721 48
2935 5905 7100
2941 5028 6171
2967 9312 6521
2968 1782 6238
2970 8791 3500
2987 7416 6312
2989 5422 4706
2996 8528 8223
3038 5513 6081
3040 1161 9624
3042 5660 9430
3044 3698 6430
3048 5634 6370
3052 6638 7976
3056 3997 146
3073 7277 3902
3074 1762 4037
3090 4180 539
3090 8582 8284
3100 4942 6359
3100 9899 7558
3118 7925 9521
3133 3803 267
3139 223 7804
3139 4343 8906
3140 748 974
3149 99 5943
3167 6534 1274
3178 3946 1151
3180 6239 5416
3184 9086 1
3187 2593 2067
3190 791 6617
3202 4226 162
3226 2427 7355
3229 7469 1380
3249 8609 7386
3250 3647 3736
3278 884 9000
3290 1947 8453
3302 4271 1689
3339 4766 452
3348 1035 8412
3351 8801 6528
3372 760 7124
3390 1589 9782
3397 421 6070
3414 8878 6166
3424 2904 5826
3439 8214 7656
3440 9065 8834
3442 3341 1902
3445 7590 1103
3454 2682 4293
3466 8424 3241
3480 6530 2602
3481 8612 7364
3489 3263 3428
3490 2427 1262
3500 4147 4516
3503 7509 8012
3514 5354 7730
3519 9419 2873
3529 1649 1983
3539 9096 5094
3540 1974 7512
3549 4516 2202
3550 1196 26
3553 2591 8508
3560 3042 4452
3565 8040 1437
3566 7145 4370
3596 6472 5105
3597 9881 6820
3602 6500 7714
3624 7436 6644
3628 6375 2536
3644 2737 3157
3650 857 3585
3657 9382 7172
3661 6324 777
3664 4928 7839
3678 3141 9833
3679 1577 1272
3681 789 4646
3682 6840 8030
3687 934 5158
3690 5441 3301
3704 8875 5208
3705 9656 8018
3721 642 9276
3734 940 5441
3781 2492 2649
3791 9089 6718
3810 9510 726
3821 2179 7796
3824 6034 1606
3826 6156 5498
3868 3683 7197
3872 3250 9870
3881 7122 9752
3892 917 9233
3900 5741 1431
3920 7715 4664
3935 6148 3308
3944 8393 1571
3952 1514 2400
3953 6223 4127
3956 6646 2429
3957 4059 6164
3962 2222 526
3972 8187 504
3975 1486 5418
3976 6794 7156
3989 8451 2676
4012 8618 2990
4034 3210 2119
4035 1819 376
4042 1531 2683
4047 1433 640
4058 2578 9980
4069 6490 7516
4072 2137 3627
4074 7712 844
4093 8017 19
4109 4895 2965
4117 8565 3317
4122 768 9267
4129 8144 4536
4132 9611 4577
4141 990 8105
4146 3095 1512
4147 7214 2802
4169 8713 4522
4171 5702 4342
4191 5046 9515
4195 3300 4495
4196 1176 4784
4204 8932 7390
4211 3998 643
4220 1564 9625
4220 9586 7582
4248 897 7564
4270 3500 2517
4276 5007 7026
4276 9461 6945
4280 7765 9503
4282 947 3009
4282 7319 1506
4311 1647 4595
4317 7006 1222
4331 4882 1792
4336 1211 9210
4338 5152 3563
4343 1007 2721
4344 911 8293
4349 9316 489
4354 7462 9283
4357 6171 6522
4370 2203 6873
4398 8939 110
4409 2152 1876
4414 9254 8933
4421 6881 8426
4440 2256 9616
4449 3500 7645
4452 8443 808
4465 8461 1598
4478 6737 9763
4491 6450 1152
4498 336 4086
4500 943 7827
4513 5952 8765
4529 8570 5419
4530 8326 8187
4533 7196 298
4563 8597 8718
4569 9228 2771
4584 2445 8719
4586 3296 9021
4593 5210 6756
4605 9574 4311
4606 4934 6391
4617 5013 2216
4662 2384 7651
4665 34 3363
4689 9253 1881
4695 7072 9684
4702 6203 4210
4724 2794 4787
4752 5299 8994
4763 5563 1774
4800 3747 7229
4802 8961 3491
4804 414 6844
4815 135 9206
4820 5191 5261
4824 9845 4652
4829 5611 2977
4840 4868 379
4852 9663 3675
4879 3315 7756
4881 795 2362
4885 281 8612
4899 3431 5325
4905 6542 1190
4906 2328 8936
4910 3072 6928
4915 4533 4589
4919 3537 5931
4920 6719 5247
4939 6606 6228
4943 3939 2641
4952 9093 5115
4955 5566 1840
4967 770 2533
4971 1075 6646
4975 4043 4621
5015 6341 738
5020 6334 7680
5025 6775 9784
5041 5728 8294
5046 7609 2064
5058 6068 3972
5065 5160 5277
5079 6788 8821
5081 1499 7019
5098 226 2703
5116 7325 6677
5121 6561 5392
5125 2564 7984
5128 7726 2896
5135 6318 1417
5135 6556 1561
5140 3266 455
5141 6717 3330
5142 6461 353
5151 1769 520
5165 2510 3258
5183 3162 9690
5193 6086 3256
5213 7467 8357
5214 7842 4415
5229 6155 5439
5231 146 812
5232 1209 7861
5232 6908 2197
5238 1621 7517
5248 2461 8998
5252 1521 4023
5257 5802 5795
5263 3869 5917
5267 9199 5402
5270 7941 5390
5271 6766 8446
5272 9462 2259
5301 8558 4311
5310 2394 496
5318 2681 4327
5325 6928 9156
5330 1111 6892
5335 1230 2461
5347 7568 8447
5374 8768 4050
5375 8629 8780
5377 9835 1103
5389 7638 3770
5401 7675 9507
5425 4257 9052
5463 4590 8899
5474 4040 1498
5493 1632 8336
5496 5069 3062
5503 2238 9485
5507 1157 9686
5510 9084 238
5522 4435 389
5530 8703 910
5543 4389 4161
5548 760 4579
5549 8739 1413
5561 6703 4497
5589 1191 2560
5589 1253 3076
5602 8229 1135
5608 1404 9550
5618 3710 5526
5622 1023 9253
5624 1737 798
5647 592 3973
5662 2845 1211
5668 7083 5966
5697 1745 9215
5698 1993 4116
5705 2857 7329
5716 6308 681
5732 5798 9411
5735 7388 1004
5737 5279 5369
5738 7884 1349
5743 1146 6229
5775 5632 9287
5782 6979 6445
5801 2411 5613
5802 7632 9980
5828 4308 44
5832 1386 3749
5851 6108 1490
5883 8170 1103
5892 8698 2833
5904 308 7460
5904 6125 6335
5916 7152 8607
5917 5624 3924
5923 8263 8058
5924 8733 9228
5928 1671 9590
5928 3249 1492
5940 888 56
5964 2612 2176
5978 7039 4930
5990 6839 7406
5993 5586 5840
6027 6751 5157
6031 766 9070
6035 9394 5097
6039 5978 9095
6046 4612 6281
6057 3520 7169
6067 1225 8572
6084 1774 9636
6091 3310 1716
6094 655 957
6097 8145 5753
6098 8934 5144
6191 7107 1176
6200 3179 7030
6201 3078 6994
6221 7918 8948
6229 7061 2105
6235 9918 5505
6247 716 2104
6252 6708 2840
6257 1173 8395
6261 5089 6977
6268 2687 2925
6272 9233 9469
6273 8736 8791
6277 1614 8563
6287 7848 7330
6294 1673 64
6298 8273 5125
6301 9441 4802
6313 548 4380
6321 4419 3365
6326 4056 9320
6350 25 9539
6351 4270 6705
6361 8827 2722
6387 6838 7588
6391 6273 476
6396 69 9444
6401 4877 2264
6403 267 2285
6412 4215 3753
6450 3469 9345
6457 7564 8467
6460 9552 1869
6460 9614 4326
6485 1190 7459
6494 4512 6247
6505 8393 6709
6511 5864 2969
6514 2827 5568
6526 5558 3728
6540 4818 9637
6544 8300 5802
6555 2655 2519
6583 3653 7001
6614 3295 1736
6631 68 5665
6642 7791 3019
6668 792 1968
6668 6622 6006
6696 2570 9366
6728 132 1268
6729 6974 2847
6733 8184 4509
6734 8941 772
6737 1979 7956
6745 1416 8556
6747 8700 3989
6752 227 3798
6760 329 8472
6762 1859 2798
6788 2959 1258
6794 2614 2269
6796 9239 904
6801 6098 1718
6806 6814 1669
6813 5522 2872
6816 6866 9784
6825 3534 7519
6854 3235 5219
6855 2903 6006
6856 9017 9511
6864 1308 9206
6886 1062 5969
6887 6539 8015
6892 8706 9802
6893 7325 1357
6902 409 6623
6902 2030 6449
6922 2119 1303
6925 8883 8125
6928 7929 7025
6932 424 2374
6966 2902 286
6966 6931 7031
6985 9983 4362
6999 3087 4404
7000 7319 5928
7006 5267 7883
7008 3495 6552
7015 46 5256
7036 7975 115
7044 9710 860
7055 9165 1456
7070 5653 6315
7073 1091 3943
7084 992 6456
7111 3871 5753
7124 9938 6378
7125 2014 4661
7136 3634 3489
7159 7932 7115
7163 8444 5898
7181 2101 2006
7229 2136 3958
7232 7711 9576
7239 6684 3509
7246 1754 9139
7257 728 8674
7267 2517 5109
7275 7999 7230
7287 959 757
7293 1771 7545
7297 7586 7332
7315 1829 4668
7320 4344 5988
7323 437 7649
7323 8711 2422
7324 4964 2406
7332 9009 7147
7337 1671 6589
7341 259 4181
7343 2628 1025
7348 7688 1784
7349 5415 2467
7357 9609 8732
7358 6415 810
7372 8658 179
7373 7274 8745
7381 1445 486
7390 5150 3770
7391 4583 4117
7410 891 4540
7410 7156 4441
7413 697 5233
7418 8327 6907
7424 4439 1474
7429 1103 6515
7439 9237 9691
7447 6301 9397
7450 253 2562
7456 2303 6265
7471 2397 5577
7481 6035 3029
7481 6741 8196
7487 4108 1540
7502 942 6287
7512 5591 7130
7521 6419 8846
7529 157 9338
7557 8201 3170
7564 5673 7213
7607 2960 8876
7615 4858 6990
7621 213 1429
7640 7888 4547
7649 5695 1125
7655 9481 8748
7659 5661 298
7667 7898 8142
7669 1926 8569
7673 1821 5357
7691 9839 3421
7695 6756 6264
7706 3611 435
7711 9540 1195
7712 8348 1147
7715 8059 1104
7740 6707 1458
7756 3620 3432
7775 2380 560
7776 3430 6193
7785 5391 8731
7785 7882 857
7799 1322 5647
7803 1206 2299
7828 3564 2382
7829 6107 1802
7847 5372 1447
7868 523 5447
7872 287 1477
7878 5543 8523
7878 5714 451
7883 7401 6354
7905 2381 237
7908 4134 6612
7944 4168 6928
7945 5825 5802
7973 1537 8334
7974 6147 925
8000 9261 558
8004 3947 61
8010 2137 5220
8023 882 8059
8023 4391 9477
8049 9881 9202
8050 4566 5996
8051 9233 7776
8061 9127 5401
8061 9834 456
8081 4372 9004
8088 2148 1802
8095 1960 1210
8107 6349 6365
8126 1211 4683
8126 2305 4168
8136 6374 6624
8141 2632 124
8144 4348 8795
8173 7191 6295
8182 6198 542
8187 8846 6355
8195 2388 7414
8195 3623 616
8198 1117 1860
8205 701 2775
8224 653 6292
8225 274 6657
8239 8770 6613
8240 2944 4352
8258 6582 9278
8286 6028 5057
8307 4914 8636
8314 1673 7192
8319 608 6247
8321 2044 3301
8325 4216 5176
8359 1135 252
8382 1745 4679
8405 2283 1591
8408 489 1195
8412 5156 872
8412 9818 2888
8424 6793 54
8424 9596 1581
8444 2327 4488
8447 2093 1149
8457 1276 1104
8469 2565 3724
8472 5039 7845
8486 7249 734
8488 6319 1644
8488 9742 5018
8494 1803 1821
8512 8802 7072
8516 9849 9396
8524 2339 340
8544 3751 5534
8551 4746 2594
8576 1631 7114
8578 8944 2571
8588 3497 3026
8597 795 3221
8606 2380 4999
8610 5546 827
8611 914 9421
8611 9765 3637
8628 8621 6034
8650 6092 2009
8665 2578 1951
8679 6369 1059
8695 3116 8288
8696 6785 6054
8699 5442 5778
8720 2362 1749
8722 1034 4502
8738 3012 9439
8739 9552 2187
8752 2013 3843
8755 1953 2801
8767 2172 9615
8773 3354 1779
8779 9549 1909
8780 6514 5851
8834 1763 7357
8834 3005 8316
8840 6975 2134
8846 6618 418
8863 1501 8416
8864 1693 6185
8866 6211 7553
8871 7494 8100
8875 8227 9948
8878 416 1082
8891 572 8051
8891 7784 8342
8894 2344 691
8895 2931 6124
8897 6594 15
8898 4850 1185
8905 1257 7092
8916 7872 2034
8921 6447 2400
8924 4826 144
8933 7304 3622
8937 8914 9751
8941 6083 5042
8963 4804 1034
8968 5038 2431
8980 8543 722
9002 5231 9376
9015 9911 9965
9023 491 7410
9024 6151 7614
9033 1570 7076
9034 4707 8177
9056 4734 5373
9059 4121 8974
9081 637 4137
9099 748 7438
9107 3749 2102
9131 6894 3120
9136 2520 7882
9139 9415 4410
9147 4677 8884
9167 5128 2771
9172 6547 3719
9175 2526 1646
9183 7481 686
9186 8884 797
9192 429 5078
9209 6863 6731
9222 3658 8002
9234 9563 54
9238 9 8273
9238 7040 3037
9242 1747 9348
9257 4448 6921
9269 7278 3301
9279 205 694
9298 592 3327
9306 1277 827
9322 7326 92
9337 4143 2884
9370 2796 8654
9408 8023 9335
9423 3300 7927
9426 7585 7509
9437 3009 9514
9437 3056 936
9443 2216 3613
9459 254 8690
9468 2325 9439
9473 6500 5256
9496 1727 4686
9498 9994 697
9500 5622 1906
9501 9366 8127
9502 4327 4194
9518 4693 2100
9530 7627 3021
9547 8904 9095
9554 4385 5259
9568 2400 1846
9571 8946 8866
9576 4480 5307
9590 991 1065
9614 8241 7614
9627 6620 5230
9632 8938 2771
9636 5071 7497
9651 3829 9320
9667 1190 7575
9668 3015 67
9681 2500 3803
9682 5820 3277
9731 8340 1257
9740 6289 9016
9756 8403 9874
9766 5107 6751
9771 390 8634
9782 3903 6723
9782 9082 7094
9784 7751 3370
9786 5785 9514
9804 7130 5130
9808 1585 502
9810 6911 9869
9818 1399 6592
9823 126 8072
9825 3811 1229
9850 3864 4669
9850 4745 584
9855 5319 2910
9866 4705 9147
9870 2483 8525
9873 8676 6453
9875 9370 3280
9889 7506 1661
9903 537 3914
9918 4875 9930
9920 9339 1600
9921 4934 9430
9964 699 450
9976 3044 3433
9999 6153 7477
