10000
1 246 8603
5 3715 3530
6 5132 8506
11 5098 1978
11 5777 1805
12 8382 1539
33 5948 1762
66 9788 6495
69 5796 5214
75 9439 7804
76 2485 362
86 1845 6843
91 6964 7808
101 8486 8581
112 736 3871
139 27 456
147 146 9237
160 6279 6327
174 1585 8094
183 6474 6343
185 5173 2800
231 7395 6252
250 3355 5911
256 2128 6805
257 6782 9281
260 6116 3637
276 3254 1062
281 1294 6893
281 8700 8648
291 6622 7603
292 4437 8490
295 300 6974
305 8452 3391
319 4270 1656
322 2687 6988
352 1644 4462
371 8358 581
372 7720 6279
381 2204 5944
393 5998 4819
413 5223 7925
416 407 1436
436 1287 1004
442 6299 2546
463 2861 8027
463 9465 4267
464 6089 6905
478 1129 5666
488 6510 9196
492 2061 3799
504 2954 4049
510 8547 3586
518 7974 2457
522 8021 1956
528 9252 2815
543 3879 9519
546 8301 1531
549 340 4194
552 6652 9264
568 7028 8396
571 4466 5899
572 805 6933
581 3507 8590
583 9903 6136
588 8013 6946
592 8829 1052
598 1425 152
606 9059 4990
616 297 4146
627 1493 6627
646 1055 813
652 2127 8402
662 2200 4791
678 3264 7952
691 6172 913
703 1804 8460
707 4990 9262
728 6565 3695
728 7688 4091
740 6067 5272
745 8055 4125
784 6852 1305
798 5848 8301
852 6088 6270
856 9540 1747
869 2900 7432
879 1903 5157
887 4938 2779
891 7040 7812
898 5257 8473
899 4 9896
905 3530 6993
929 5492 4615
932 1704 9245
951 5026 4594
962 6945 9051
972 9876 3338
977 8617 5890
980 228 3408
1016 7723 2868
1030 4734 51
1031 3454 4426
1033 7098 6595
1037 2605 318
1037 6382 4402
1038 6658 4886
1050 3715 5200
1069 7609 7273
1081 5494 6236
1086 2692 5954
1095 4178 3345
1097 2421 5782
1097 9747 7677
1117 695 5373
1121 9568 1556
1141 9424 9068
1148 242 2779
1150 373 1491
1151 9794 2208
1161 4670 7948
1161 5753 2896
1162 6296 3185
1214 5423 7682
1218 9504 6718
1234 4480 5166
1253 1308 8701
1269 5350 3325
1275 9013 9130
1283 3967 3407
1284 4368 9754
1305 5622 3894
1306 6703 5992
1315 5604 7213
1321 1294 2756
1331 6084 1716
1332 719 6116
1351 6753 4730
1351 8057 3209
1377 2103 5703
1398 1886 4676
1409 7369 4592
1411 5102 6610
1419 426 1242
1461 3587 6284
1489 9730 1518
1499 5026 3350
1500 4999 5272
1507 4557 8736
1509 3839 1215
1517 7903 5412
1520 6530 4178
1541 9875 9240
1547 2326 6004
1557 729 8714
1571 3722 8261
1593 2601 4424
1613 7332 1202
1614 8344 2051
1625 4423 7888
1629 3621 4230
1644 8113 8944
1646 1550 3470
1648 9389 5071
1653 7435 8780
1672 3946 9560
1684 4353 3064
1696 976 3408
1702 8282 7052
1706 6909 926
1711 2877 1410
1712 6666 9130
1716 4169 8054
1732 2726 6162
1736 979 1698
1742 7798 8881
1752 304 1283
1759 3990 8420
1761 6351 4233
1774 5691 4461
1782 2903 9943
1787 2710 9875
1792 3532 6598
1813 8241 4171
1814 3152 2202
1823 7528 4170
1835 8823 1513
1836 7500 8828
1849 4336 88
1861 3598 3207
1862 4266 740
1866 3038 8219
1904 8760 3217
1911 3854 2350
1918 4562 2699
1927 5057 4796
1939 657 1117
1949 7733 7860
1967 624 1347
1976 3698 1030
1976 8463 6078
1982 8402 8965
1984 159 677
1987 492 3998
1994 1875 2393
1997 781 9494
1998 1055 2540
2006 4042 7698
2025 620 8860
2026 3303 7938
2032 6889 4681
2037 5772 9447
2041 3511 7246
2049 8370 9045
2070 8967 8918
2080 5875 6981
2155 9356 5609
2156 6064 4052
2157 7902 9777
2180 5680 5800
2210 9566 7599
2212 354 3791
2219 4086 5637
2246 7226 5729
2273 5876 6475
2294 1910 9291
2294 4276 7793
2309 3957 2579
2309 8710 7812
2317 1819 5928
2327 861 8257
2331 9089 6427
2333 1973 8236
2333 3399 7675
2334 521 3337
2340 8322 8064
2353 2971 2456
2355 8440 9324
2359 3077 3041
2363 5564 198
2366 9446 9983
2367 1070 216
2375 2703 5101
2377 9609 3516
2386 2583 1727
2389 5498 5479
2402 5182 5154
2404 1409 1405
2409 5829 3963
2430 5298 9532
2438 6268 7868
2443 1628 9132
2447 2348 499
2452 1788 4097
2454 9543 1329
2470 2617 3600
2476 5108 5260
2486 4083 4283
2493 1328 6126
2506 9453 1999
2518 4689 9245
2521 3455 9993
2542 1525 7444
2545 9135 5237
2551 4109 9798
2560 7854 7174
2572 4983 1232
2585 2184 3164
2591 2814 295
2613 4509 3374
2645 1587 3193
2655 4759 5552
2657 7482 3192
2657 9846 5474
2665 3366 76
2665 7070 4855
2677 8361 8775
2704 6039 741
2706 5726 7688
2717 7799 1591
2719 3536 6309
2731 1598 2868
2731 8260 7750
2738 1462 7011
2742 9464 7704
2743 796 6853
2746 4887 9658
2768 6593 5770
2778 4487 3206
2779 8139 8702
2783 9054 3410
2806 2412 7226
2822 5113 7152
2831 7089 9807
2844 6952 5295
2848 200 9175
2857 3060 3882
2861 685 375
2876 3641 5819
2881 9188 4660
2882 1967 8385
2888 3168 8132
2901 168 7790
2903 5120 2453
2908 3491 186
2932 5709 9315
2944 9536 1829
2962 2507 8535
2971 3260 6481
2982 3609 9241
3015 1146 4400
3038 6553 9879
3045 691 7384
3064 4754 5207
3069 8917 4410
3074 7067 7976
3080 7907 3312
3087 8149 6482
3092 121 3143
3100 1228 5784
3102 4125 1947
3107 3756 296
3111 6368 1280
3117 5023 1788
3125 1154 5358
3134 3527 7192
3140 3785 1754
3175 8198 1735
3175 8841 8011
3181 4244 4682
3182 1250 1597
3223 4226 6809
3229 3272 1363
3236 9712 2045
3253 6494 7805
3262 9632 9549
3263 7132 1757
3271 4063 7731
3280 9318 8766
3282 6311 5152
3282 7153 2591
3284 8376 4837
3286 9246 5881
3290 8063 2804
3315 6979 1053
3324 6012 4158
3327 8916 3274
3328 5649 1820
3332 5150 490
3334 8683 7161
3355 5281 180
3356 1610 5241
3358 8143 7082
3359 61 6014
3370 378 2260
3374 7393 2034
3379 6148 9894
3399 4796 3709
3409 9050 1962
3416 6035 4683
3429 553 4833
3429 4338 8527
3457 8753 7566
3465 3789 3090
3478 8245 535
3484 7106 9553
3484 7692 6261
3516 9761 1197
3521 9168 3469
3522 226 9316
3541 6699 3794
3550 3780 9847
3557 1591 872
3569 6086 594
3576 8119 8044
3579 1921 3925
3592 3876 493
3592 5628 30
3608 4702 2763
3615 9689 775
3617 3695 6090
3644 7660 314
3645 1018 1603
3670 9670 6262
3677 262 4134
3698 8466 1928
3706 7992 9672
3713 7248 455
3719 4057 8848
3739 6563 6342
3755 9731 1748
3770 3371 1197
3789 7774 580
3793 9153 7959
3798 272 2668
3802 5756 3360
3818 40 7028
3829 1857 5295
3829 4777 2942
3836 7175 6208
3848 2781 9234
3855 1964 3655
3856 3893 12
3857 5131 6843
3882 6891 8519
3908 7713 9149
3915 1463 5286
3921 5721 7866
3933 4253 6995
3947 1104 1937
3957 7466 3427
3961 1269 6781
3964 6373 2807
3966 8513 1308
3986 6533 3918
3991 4988 1956
3998 5694 9951
4008 432 9020
4045 9995 8831
4047 3674 5395
4057 6926 5183
4061 2986 3378
4067 1922 1066
4068 7371 1702
4070 7976 8477
4076 763 2789
4094 1951 4972
4102 2602 4143
4107 1584 9547
4111 2224 523
4127 8903 6537
4162 6074 6723
4189 9013 2461
4194 5333 598
4216 84 3633
4219 3183 5688
4228 7745 5284
4231 5915 5685
4261 9006 1043
4271 5998 2272
4284 6688 2938
4305 4527 2106
4319 765 4895
4339 8695 3179
4340 5716 2180
4355 2929 4518
4355 7756 5633
4377 1960 8457
4392 7962 8475
4399 1679 9183
4404 3325 4366
4420 6400 8177
4453 7556 2231
4454 1281 170
4456 2162 6585
4469 2592 334
4488 3487 99
4499 3853 6914
4501 9142 418
4525 2287 3804
4535 5512 9834
4554 5651 7670
4555 9996 393
4584 9876 1145
4594 8487 9907
4612 1258 5185
4615 5188 2753
4620 143 1393
4628 8132 338
4649 6803 3985
4665 1455 5725
4676 4038 9575
4679 3129 6762
4679 4637 6907
4681 9584 1411
4682 472 2674
4690 5828 5146
4705 4403 2589
4706 1012 6187
4706 2224 7720
4707 9061 1204
4708 3420 5196
4717 7540 1761
4718 7269 2503
4751 5939 5931
4761 6061 4489
4776 5118 5804
4782 2447 3710
4789 462 8785
4792 7926 7684
4800 2401 9207
4811 6855 19
4823 8591 1394
4830 3949 9099
4839 7741 3255
4847 5474 6373
4854 8165 7971
4864 691 7302
4876 9658 6621
4881 8264 8169
4882 6302 9569
4891 3362 1090
4897 7877 6599
4906 608 2885
4908 8840 8704
4927 2676 943
4937 3978 6531
4962 7427 7046
4982 4004 4358
4995 3593 7820
5004 9555 9638
5008 524 2016
5011 3030 1634
5022 6051 8492
5025 8099 9637
5032 9971 6430
5037 8740 3018
5038 1525 8457
5042 2806 8804
5044 1544 7661
5075 7475 8221
5082 5063 7822
5094 5792 5911
5110 5421 1786
5126 2953 2035
5126 5591 6991
5126 5958 2
5154 8023 737
5158 7924 591
5160 3910 6967
5174 7456 3489
5227 6641 4935
5258 3541 8115
5258 7007 6250
5304 554 2821
5304 5065 1352
5306 4607 2792
5310 1623 8204
5313 4572 4752
5320 556 7309
5324 827 7346
5331 933 2576
5333 3667 6583
5342 2932 3303
5357 6051 1388
5362 7507 8896
5363 4329 8891
5371 6320 7716
5393 5246 6494
5397 7651 6083
5402 7872 7306
5407 3904 6432
5416 7664 2987
5471 474 436
5473 2705 3560
5479 9870 4645
5486 9565 2859
5493 9432 3153
5501 2891 2603
5507 8075 3758
5519 4585 9045
5555 9348 4047
5592 3697 9249
5659 7485 4281
5663 3807 6406
5670 5637 6166
5675 1636 8287
5680 6098 9689
5684 7985 9267
5718 5528 1251
5741 2844 3142
5741 4220 9080
5742 4945 5152
5745 5855 8581
5751 2948 4346
5754 2697 4100
5761 7598 9331
5763 8805 7125
5767 7845 9594
5773 4613 9220
5782 8824 1550
5786 9977 9815
5787 9141 1256
5803 1939 7451
5808 2955 5023
5815 393 7438
5827 4290 9811
5838 7209 560
5842 9991 3127
5845 5297 1014
5847 9917 9557
5851 7359 6536
5868 2706 9445
5882 9181 4170
5884 6046 3646
5886 5586 7585
5896 3075 870
5911 9895 5363
5928 9421 359
5942 6421 2086
5955 3911 6359
5955 9380 72
5963 6703 3988
5982 6064 9899
5990 4855 8240
6006 5755 628
6038 2045 9001
6043 4682 1043
6058 5020 4961
6067 9186 9878
6077 1208 9702
6084 7828 1964
6090 2630 7982
6102 9389 7686
6112 1339 1128
6128 9586 3114
6134 907 7115
6134 2291 5604
6137 2154 4462
6138 5949 7861
6156 923 9127
6163 8003 1743
6192 3104 1018
6204 6175 8126
6208 2979 3484
6244 7518 8046
6260 3694 8994
6268 1533 3215
6273 9177 9567
6279 1623 1071
6284 7345 5697
6287 5224 6729
6305 7730 3875
6316 2581 2728
6328 2698 5408
6336 4238 666
6351 3975 8445
6363 4632 3597
6365 9289 8750
6369 2600 4415
6390 9185 3400
6400 9781 1721
6401 4531 8255
6424 7220 9909
6426 2221 8737
6431 1668 3867
6443 6966 9467
6475 9554 3987
6480 4706 5304
6489 609 1448
6489 7900 108
6490 5162 783
6509 1176 5950
6516 148 538
6519 9845 7015
6526 1328 9629
6545 7811 2837
6549 1433 5148
6558 4226 6048
6575 5112 1912
6587 8653 4015
6597 1529 8930
6614 398 289
6615 9098 6905
6625 7238 4413
6647 3824 1123
6660 8372 483
6660 8730 4143
6669 1226 8258
6676 5683 9757
6677 1890 3776
6693 6791 6614
6699 8104 7453
6727 2181 7370
6728 777 3294
6738 118 295
6754 480 2601
6759 7569 2878
6762 9469 2194
6780 6737 4127
6781 243 7833
6785 6699 4166
6800 4655 8258
6804 4991 5364
6835 4935 8505
6868 9520 5796
6916 3049 4782
6926 1532 8920
6935 9639 4299
6943 6323 2561
6946 3371 3991
6967 5494 8296
6975 3910 7303
6987 9965 6991
7017 8899 8427
7029 8715 4599
7034 8379 1151
7035 7872 2176
7038 6845 4861
7047 2671 8293
7053 6552 9206
7053 9869 346
7055 5099 7351
7059 8837 122
7067 4578 7933
7068 7599 4027
7071 50 7573
7071 7775 9784
7077 5983 6042
7082 1962 6830
7114 2363 1086
7116 7266 2194
7125 2456 8430
7139 2581 97
7141 9927 4537
7150 4654 7151
7153 8388 8784
7169 5693 7101
7179 4988 2768
7189 8001 6260
7226 4453 8705
7235 9105 2500
7254 5793 9641
7256 1241 1452
7279 7634 3236
7279 8115 1459
7290 3205 492
7293 6581 5408
7295 2746 7120
7306 9757 9437
7324 2068 5936
7327 3835 1950
7335 7103 8670
7337 4567 5094
7339 2842 6388
7348 9564 6198
7351 1343 7557
7357 1695 3975
7366 1707 985
7366 5571 2849
7375 597 3881
7377 3345 2055
7377 8189 6198
7394 5203 6117
7401 1664 4906
7411 593 8763
7416 7405 3364
7419 6168 9259
7422 271 8720
7431 7892 3633
7434 6067 2905
7460 7063 4573
7469 6460 1395
7472 6444 143
7485 3964 7443
7490 1130 5416
7494 8770 7712
7499 6913 4742
7501 4422 738
7513 9059 3421
7516 2333 2750
7523 7100 964
7523 8194 4220
7529 5690 3673
7532 411 6196
7540 7302 3352
7548 2026 5850
7550 6525 1253
7561 5304 2071
7566 6084 5228
7581 8496 4723
7582 7303 8921
7589 9130 8896
7592 4054 6613
7602 3143 6669
7622 3708 2639
7627 2478 726
7627 5868 9121
7629 5616 9769
7631 2078 5206
7633 9566 6095
7638 3458 8995
7652 4528 3030
7653 2905 7252
7667 6113 6558
7667 7078 195
7674 479 8079
7681 7420 3359
7682 4281 1309
7689 4705 7555
7698 8937 6177
7711 538 9790
7711 3044 5961
7712 2203 2690
7712 3930 7679
7717 9536 5339
7738 5227 4650
7755 6176 8936
7755 6660 376
7763 3569 7577
7787 8595 8651
7815 5449 9478
7823 4926 4405
7828 657 7349
7844 1542 9159
7876 7756 1687
7900 2485 1330
7902 9569 6349
7911 9144 8096
7921 2152 114
7931 3547 4486
7934 1113 1231
7936 4835 8610
7940 1585 1229
7954 6841 2424
7975 1214 5366
7981 3134 4679
8013 5928 1144
8060 7345 8287
8061 3618 1124
8093 7913 60
8101 7633 9317
8137 6699 9264
8164 4115 9153
8167 4813 7571
8178 9196 4037
8179 4455 4180
8187 3650 4861
8205 5164 1139
8207 6379 4600
8212 6531 8466
8222 6058 9918
8242 3092 6453
8259 4153 4988
8267 4693 1390
8276 1949 8568
8284 2566 1566
8291 1967 269
8296 537 6362
8296 3882 9528
8317 3058 3534
8334 123 9627
8352 4755 3574
8377 7143 2494
8400 580 7793
8419 4286 9114
8429 9901 4032
8449 8034 5146
8479 1363 8855
8486 2017 8250
8498 2920 442
8507 5207 4955
8520 3154 2694
8529 761 8498
8529 6283 2530
8542 1884 9099
8546 9009 3678
8554 6191 6297
8556 7978 3078
8558 1096 7107
8558 2180 7015
8572 5645 9368
8618 6074 1162
8624 9368 3267
8642 9979 4114
8647 942 4275
8656 6964 2469
8668 2620 492
8683 9860 206
8686 7846 308
8729 4070 3375
8733 5364 7029
8755 5273 4999
8758 2006 7802
8761 4423 5259
8769 3918 1641
8786 7698 1685
8796 3015 7772
8806 2756 4132
8809 2380 3843
8811 5684 8684
8813 5391 4736
8815 3577 1139
8818 3957 7777
8819 3358 3314
8823 5771 1023
8824 559 285
8836 4100 1141
8841 8376 8923
8843 5325 7458
8844 3411 5361
8846 2416 1456
8853 8137 2499
8858 7273 1347
8865 3740 6060
8870 1938 4223
8884 3023 2976
8898 7893 9719
8918 1485 5323
8923 2723 9013
8963 5662 3643
8966 7327 3955
8975 8741 8237
8984 3269 3810
8984 8288 9009
9010 3441 6016
9028 5873 8427
9039 535 3217
9048 782 286
9056 1950 2639
9058 6226 6008
9063 953 8094
9063 5829 9289
9083 5710 9296
9085 4151 7562
9107 3372 577
9109 9685 2366
9148 7715 2543
9148 7804 6048
9158 9556 4706
9177 6908 6495
9182 9845 1948
9257 1490 9980
9267 8463 4622
9276 5065 2004
9293 7976 4006
9311 696 2169
9329 6671 1145
9341 162 5401
9347 7791 7444
9367 8122 3535
9376 7380 401
9387 2922 1699
9388 6342 9983
9395 6371 5063
9402 6497 9085
9411 625 4316
9412 137 1911
9417 1317 2412
9427 2182 2083
9428 2205 8026
9429 1084 9721
9447 236 8385
9504 9849 1580
9516 6123 5121
9519 3946 1756
9528 9888 2179
9538 519 4374
9539 7259 3498
9552 2550 1474
9558 6049 624
9565 2109 1344
9566 3333 4375
9568 6775 540
9569 6973 7338
9570 8352 4620
9572 1480 1945
9573 3476 6758
9576 1033 6299
9584 492 6374
9594 2805 8417
9610 983 391
9620 2344 8654
9627 3048 7012
9705 7166 2194
9712 9564 2042
9719 9410 8729
9739 6894 1392
9743 5194 6809
9752 3950 9931
9759 4477 6478
9768 2343 4378
9770 8654 9120
9773 2654 9930
9787 7869 9553
9790 7857 6527
9791 8840 506
9799 2500 5913
9808 9787 1151
9810 6792 1970
9818 6432 1246
9832 2327 2160
9835 4099 6813
9840 209 8358
9850 3461 879
9866 4294 4979
9868 9172 9754
9911 5906 6097
9915 6092 4215
9933 2929 5751
9939 4227 6072
9940 6296 5193
9952 1615 8718
9953 1556 2623
9958 2934 987
9962 3860 9656
9963 1876 8264
9965 9874 3421
9978 9217 7046
9987 7843 8717
9991 3361 9100
